5.1671074
5.1671123
5.1670481
5.1670691
5.1670901
5.1670851
5.1670814
5.1671074
5.1671049
5.1671111
5.1671172
5.167116
5.1671419
5.1671419
5.1671666
5.1671839
5.1671888
5.1671715
5.1672123
5.167237
5.1672283
5.1672481
5.16729
5.1672962
5.1673271
5.167348
5.1672839
5.1672962
5.167253
5.1672579
5.1671975
5.1671839
5.1671666
5.1671777
5.1671493
5.1672012
5.1671777
5.1671913
5.1672135
5.1671962
5.1672086
5.1671826
5.1671728
5.1671901
5.1671641
5.1671357
5.1671024
5.1671419
5.1671382
5.1671617
5.1671394
5.167158
5.1672172
5.1671851
5.1671987
5.1671617
5.1672049
5.1671901
5.1671962
5.1671802
5.167211
5.1671777
5.1672394
5.1672209
5.167211
5.1672419
5.1672333
5.1672259
5.1672839
5.16729
5.1672518
5.1672641
5.1672505
5.1672789
5.1672691
5.1672839
5.1672814
5.1672555
5.1672616
5.1672987
5.1672666
5.1672826
5.1672888
5.1673197
5.1672765
5.1672653
5.1672802
5.1672925
5.1672592
5.1672283
5.1672221
5.1672518
5.1672629
5.1672431
5.1672073
5.1672394
5.1672691
5.167295
5.1672382
5.1672789
5.1672691
5.1672653
5.1672407
5.1672394
5.1672419
5.1671975
5.1671901
5.1672135
5.1672481
5.1672073
5.1672296
5.1672542
5.1672653
5.167253
5.1672505
5.1672172
5.1671962
5.1672555
5.1673234
5.1672888
5.1672999
5.1672962
5.1672715
5.1673048
5.1673024
5.1673184
5.1673048
5.1673246
5.1673024
5.1673271
5.1673172
5.1673419
5.1673394
5.1673419
5.1673271
5.1673135
5.1673345
5.1673369
5.1673258
5.1673456
5.1673209
5.1673419
5.1673518
5.1673197
5.1673394
5.1673555
5.1673332
5.1673147
5.1673332
5.1673024
5.1673024
5.1672876
5.1672691
5.1672839
5.1673086
5.1673468
5.1673604
5.1673283
5.1672999
5.1673271
5.1673592
5.1673777
5.1673764
5.1673814
5.1673493
5.1673086
5.1673369
5.167332
5.1673209
5.1673505
5.1674122
5.167448
5.1673875
5.1673937
5.1674246
5.1674122
5.1674443
5.1674382
5.1674505
5.167453
5.1674196
5.1673913
5.1673999
5.1674184
5.1673666
5.167411
5.1674493
5.1674036
5.1674048
5.1674048
5.1674295
5.1674061
5.1674283
5.1673913
5.1674406
5.1674431
5.167427
5.1674122
5.1674221
5.1674332
5.167411
5.1673715
5.1674011
5.1674382
